0    96791.2801859   57237.6689926   67077.0465448   57237.6689926   649088.128454
1    69691.8489205   53492.6256955   68583.8297343   53492.6256955   3723883.97422
2    80826.8778435   62681.9920482   77891.5527871   62681.9920482   51799.5711824
3    76044.1556105   59134.2530106   75686.171169   59134.2530106   450135.22781
4    83169.4823826   64030.1919324   80046.1852803   64030.1919324   17655.4315845
5    79605.5134273   60616.6158687   78723.1524806   60616.6158687   3920.11280627
6    84055.1868615   65540.5552608   83633.7104806   65540.5552608   371483.889641
7    81626.9599393   57256.2242536   76229.605551   57256.2242536   76098.7591586
8    91008.35859   62342.9162582   80779.8422406   62342.9162582   1133.52768127
9    83015.8111477   59519.5819852   79194.7835025   59519.5819852   3110.82978687
10    92520.4104452   61380.9570653   80012.3810335   61380.9570653   50483.9699
11    83131.6596316   58646.4247858   78995.1055458   58646.4247858   343.667693291
12    90734.8766795   62615.7179478   82201.8750521   62615.7179478   36960.4635537
13    84268.5222246   56632.4391134   76523.8655811   56632.4391134   273.263950649
14    93735.8571024   60917.46672   79448.0924602   60917.46672   83805.4733263
15    90452.4410347   55173.5554424   76315.9964027   55173.5554424   1258.98677181
16    90633.5471201   62760.7270931   84488.8146733   62760.7270931   1176.06325699
17    85237.2242872   57376.2595305   79097.5648155   57376.2595305   1678.5098893
18    93315.0798715   63005.9134525   83705.7080876   63005.9134525   1126.13992374
19    84643.6026022   56434.837875   78092.7466743   56434.837875   855.320511958
20    93379.8125842   62782.1363929   83511.1928225   62782.1363929   1169.31740195
21    83110.5139511   57517.6775413   79249.420309   57517.6775413   391.909991706
22    93478.0694131   63957.8843171   86482.0927246   63957.8843171   2232.99832847
23    84989.1908179   57157.818268   80168.4815103   57157.818268   275.224112003
24    94376.9631387   67069.578389   88851.1992696   67069.578389   407.44974882
25    85839.77324   53883.4266115   76213.7118416   53883.4266115   306.62601514
26    96300.6187741   66789.2014391   88156.5259799   66789.2014391   830.244397068
27    88729.2573379   56524.0717185   78497.2575689   56524.0717185   422.7361167
28    94144.4919345   64709.7797128   85601.455733   64709.7797128   730.23285609
29    91042.5787559   54844.3275337   76913.270572   54844.3275337   721.996555202
30    97236.0926993   60049.9065439   80771.547629   60049.9065439   566.432900085
31    90574.5964521   54043.3488914   75777.6629662   54043.3488914   706.519911782
32    96191.3380642   60786.5161213   81445.7914562   60786.5161213   595.5582986
33    89889.4525003   54290.5021211   76050.787347   54290.5021211   539.334368722
34    95398.831149   59451.4523576   80779.9382597   59451.4523576   717.035297867
35    89653.2631715   55542.5435871   78131.4262591   55542.5435871   544.750571921
36    93610.2598275   60388.8118226   81788.5464345   60388.8118226   520.092273749
37    88592.5208485   56763.4944537   79038.6685878   56763.4944537   555.463161499
38    92791.6315952   61773.140736   83716.2722962   61773.140736   537.82387603
39    89121.9463961   54167.5694056   75900.8708807   54167.5694056   315.471674465
40    95469.2163261   62489.6238024   84693.6028096   62489.6238024   703.332697808
41    91435.7877154   53764.4473521   74586.4156269   53764.4473521   529.045382985
42    93958.3070347   59701.5747113   80638.8528404   59701.5747113   820.634210601
43    88676.0191798   52430.9435115   72898.4290302   52430.9435115   488.928852638
44    96935.5847963   57030.3486674   77229.9007082   57030.3486674   707.626740546
45    89042.6441372   54692.9740069   75669.7297359   54692.9740069   1085.45169861
46    96169.4568618   54785.2323433   76213.982994   54785.2323433   613.443641166
47    90427.3197029   56160.439562   77248.9137262   56160.439562   1541.23157906
48    93238.2544528   56727.5912136   78355.9269559   56727.5912136   735.910400629
49    89237.4706815   56055.400973   77077.5465792   56055.400973   919.271894127
50    92822.9017824   56967.5649517   79448.7196288   56967.5649517   2024.33466139
51    89357.4902282   55515.2733143   76467.9245533   55515.2733143   416.938247154
52    93592.3336666   55055.4736898   76897.1963484   55055.4736898   581.060218576
53    89704.2803576   54982.502   75846.4509828   54982.502   428.59199409
54    92262.8792731   58438.9279978   81502.6577299   58438.9279978   387.906775525
55    86633.5758799   57153.3642491   77665.8684213   57153.3642491   496.625776717
56    90439.3863149   55673.9085903   77391.4774379   55673.9085903   531.576326952
57    91715.7498979   55552.2922201   76156.1388539   55552.2922201   719.632375066
58    92825.6016087   56983.5416844   78784.9215289   56983.5416844   309.117610088
59    91295.8941001   53776.1790593   73514.9889395   53776.1790593   743.951671005
60    94018.5545483   55924.9705554   77963.7890146   55924.9705554   331.024289419
61    92780.3565667   53201.0327079   73858.9142297   53201.0327079   646.083424224
62    92492.9472989   57256.1589502   79315.3231247   57256.1589502   232.147148225
63    93466.9001898   52209.5475757   73770.8024371   52209.5475757   1017.21903583
64    93366.079164   57338.300565   78781.0300887   57338.300565   441.41607209
65    91883.1279716   55098.6981266   76837.4658579   55098.6981266   1236.07650995
66    91478.3348082   59150.5392765   81708.468506   59150.5392765   515.645044644
67    93677.7460395   54974.8271437   76268.3959828   54974.8271437   2053.84476577
68    92761.3371157   57830.6065619   79108.1048832   57830.6065619   470.231354063
69    92337.6529891   53587.3030818   74038.2616347   53587.3030818   600.531645527
70    90920.5031556   58211.0740918   80106.5263719   58211.0740918   1273.80224062
71    92121.2306858   56550.5550268   77497.1012256   56550.5550268   575.470740106
72    87458.2906233   55449.5600144   77601.0140012   55449.5600144   683.632752779
73    95468.1701299   59186.5686793   81194.3752415   59186.5686793   3975.60883741
74    86796.9928821   54259.3998076   76096.3323238   54259.3998076   483.553705347
75    94722.4017057   59097.8932874   81180.3681306   59097.8932874   321.423672034
76    87651.6137722   55483.4006689   78230.1452837   55483.4006689   417.44935206
77    96094.4689176   57520.1752086   79591.0271252   57520.1752086   417.286726013
78    89159.8622106   55557.2691906   78257.7422794   55557.2691906   373.961525753
79    95189.5069585   59246.8554429   81867.6415284   59246.8554429   422.55158935
80    91217.0309141   56657.5345757   78962.5822827   56657.5345757   568.641230158
81    92614.9624364   56780.1239019   77981.8489579   56780.1239019   379.589615719
82    92007.8454104   58996.1074042   81274.8242156   58996.1074042   338.739500353
83    91861.5845995   54953.3058739   76439.6743993   54953.3058739   2118.36521199
84    94192.3219175   56411.2438367   78862.7244269   56411.2438367   457.662136145
85    93541.2158827   56719.3860981   78628.0131338   56719.3860981   229.168145773
86    97356.2919175   56616.684314   79079.9188896   56616.684314   357.456070974
87    92958.8254588   54910.3617378   76285.7072839   54910.3617378   368.566469765
88    95500.4922539   56010.7476462   77860.7106941   56010.7476462   475.275433968
89    94465.691803   56604.3752551   77993.4450012   56604.3752551   254.222894632
90    93850.1763079   54582.2723158   76108.4696664   54582.2723158   297.773384365
91    97706.8184202   55478.4262371   75949.7228077   55478.4262371   429.776351653
92    91679.4204081   54925.2899507   77178.8576584   54925.2899507   453.522298717
93    94073.7549081   54615.564517   75235.1442697   54615.564517   461.420286927
94    94867.9076907   52922.0966485   73693.2781159   52922.0966485   718.222474961
95    93955.4861136   59000.7566827   81473.4535615   59000.7566827   718.444215621
96    93236.0423431   52662.8528057   73809.2497277   52662.8528057   258.920297993
97    92958.3135317   60661.4723226   83147.7683268   60661.4723226   4247.35044326
98    91443.594332   51838.1202717   72820.4470399   51838.1202717   178.402649897
99    92747.4679575   57099.9924375   79182.5221117   57099.9924375   76560.9138381
100    94820.5829685   54524.3522018   76762.9539232   54524.3522018   157.380675725
101    97018.0043461   56517.7685671   78316.1800047   56517.7685671   1105.75948352
102    92257.0126858   58179.7529226   81531.1198618   58179.7529226   338.565010363
103    96271.7533607   53806.4037101   74725.8118794   53806.4037101   845.192157395
104    95007.2808588   54616.6271334   76886.2014975   54616.6271334   336.536046602
105    95524.2039198   57308.2680065   78818.0515672   57308.2680065   1213.8362888
106    91256.1702397   54790.1666961   77080.1467112   54790.1666961   536.951170114
107    98285.8179481   55484.8378023   76495.1821682   55484.8378023   1463.69959688
108    91975.8938073   53756.4389187   74815.022305   53756.4389187   165.415998739
109    96065.1937886   56113.9520232   76354.5868908   56113.9520232   472.407155015
110    92536.4666274   55347.4956782   78532.6299968   55347.4956782   436.454886578
111    93513.3208366   55882.9413934   75910.5295738   55882.9413934   1017.10062899
112    94965.8763166   54155.1129926   76853.3396276   54155.1129926   959.751554398
113    94577.0192566   53080.0435445   72215.0568809   53080.0435445   260.047903324
114    97182.4297798   53865.6280627   76180.9857044   53865.6280627   500.841441675
115    92205.8487837   55248.3203271   74638.4571045   55248.3203271   392.841309873
116    97533.9157821   52980.997101   75389.6539704   52980.997101   1613.50785014
117    89965.2801914   53406.1040374   71641.0336817   53406.1040374   575.169279992
118    97347.2880627   55594.1390944   78428.2403435   55594.1390944   1487.30502187
119    91998.0237095   56345.3299047   76848.9063339   56345.3299047   731.315239828
120    95208.068279   56157.9326506   78729.4253075   56157.9326506   592.905002659
121    94456.1762602   55732.0628885   75902.0684249   55732.0628885   506.717008213
122    97986.4774093   54876.7519332   76603.0122896   54876.7519332   2076.33517474
123    93651.4242304   54328.2303532   74370.3776542   54328.2303532   531.659880598
124    96833.4316131   55444.0257456   77210.5875921   55444.0257456   320.459621652
125    94031.7193354   55239.7263457   75979.1661181   55239.7263457   1303.65002466
126    94144.2170712   56797.0513339   79181.3066444   56797.0513338   7315.51176134
127    94262.5052932   55729.1589539   75658.9540933   55729.1589539   1082.8615301
128    99648.551748   54979.0990789   76583.5031145   54979.0990789   1580.32921521
129    95938.2304178   52554.6365003   72447.3632057   52554.6365003   3369.66398275
130    96247.1197662   56587.1773575   78100.707218   56587.1773575   405.98691977
131    100382.553283   53850.1041054   74225.7857894   53850.1041054   417.780320413
132    93950.8905134   54129.3975919   75507.4563599   54129.3975919   967.102701535
133    101818.877576   52863.6964774   73255.2420337   52863.6964774   407.807522227
134    95315.0428359   53608.4743999   75264.4111305   53608.4743999   516.443033259
135    102352.37054   54157.3598051   74418.5808156   54157.3598051   917.930954091
136    93119.4994121   54231.3594342   75348.6710899   54231.3594342   2531.36644829
137    99473.2364397   52986.4888866   73253.5259338   52986.4888866   552.618993618
138    94575.8107511   56991.3928507   79574.8050614   56991.3928507   993.399627567
139    98904.70031   51619.4201103   72123.3243824   51619.4201103   414.765791722
140    95358.0248022   55836.0108507   77552.4239857   55836.0108507   432.63126338
141    99233.6906101   51059.7517659   71748.9220878   51059.7517659   387.379303272
142    94389.7743601   58517.9327258   81819.8097217   58517.9327258   1295.65352582
143    99369.6110304   51381.9162777   73229.3495908   51381.9162777   431.564157116
144    94373.4106071   56911.7920143   79364.0087162   56911.7920143   802.283914699
145    99950.2973136   53085.0443299   74222.1353316   53085.0443299   468.953166052
146    95117.2872665   53275.4522856   73370.7573849   53275.4522856   3437.74860081
147    99062.6878361   51774.0507778   72963.0960841   51774.0507778   613.023233152
148    93597.5923046   57004.8911967   78791.9306295   57004.8911967   3558.69410788
149    100257.047329   50049.8294967   71043.6273686   50049.8294967   673.838709286
150    93446.3629249   55665.8906972   76382.9290157   55665.8906972   350.506866469
151    96877.2322947   53719.6038252   74846.5324907   53719.6038252   496.453684866
152    95083.7386605   54714.4452554   76720.2708081   54714.4452554   1376.20667343
153    99861.8683635   51090.6868702   71753.2432232   51090.6868702   1057.36915677
154    92168.9712925   53166.395632   73724.8560721   53166.395632   823.287664527
155    100296.028592   55362.0318533   77274.0342472   55362.0318533   629.736359322
156    95125.0765816   53533.0753204   75440.1574078   53533.0753204   1191.87424728
157    101888.649592   52022.4973248   72458.6546193   52022.4973248   999.098252112
158    93637.2141787   55627.0640861   77240.1503346   55627.0640861   460.645885776
159    99769.9902062   52451.4884395   73478.9495561   52451.4884395   362.781133558
160    96990.9923175   54920.4899566   76455.3989708   54920.4899566   5702.16665742
161    98950.4498536   51992.7779838   72672.3970056   51992.7779838   1489.48069935
162    96021.4278981   52039.0195593   72748.9394119   52039.0195593   670.576241083
163    96736.4859196   54120.1960004   75087.5073281   54120.1960004   397.259231416
164    92451.3379819   54185.7998686   75225.8593465   54185.7998686   273.090823114
165    97328.5187989   55132.5485953   75641.2486636   55132.5485953   745.875264006
166    93413.2705523   53675.9886636   74510.33309   53675.9886636   268.094068599
167    101044.046824   54847.1121857   75698.5498707   54847.1121857   1455.35157744
168    94064.6318685   56136.8443336   77702.3383187   56136.8443336   362.302214685
169    98382.7765472   56406.9042248   77056.8004896   56406.9042248   1304.19113517
170    91925.1800982   55447.7700147   76742.5750807   55447.7700147   782.500107084
171    97627.0706927   59531.3008684   80873.9523471   59531.3008684   1066.27518082
172    91809.663721   55354.7058647   77516.3523955   55354.7058647   723.259187061
173    98104.4492101   57300.0893738   76779.6858048   57300.0893738   12256.7944146
174    91738.9192175   57132.3266284   78173.945005   57132.3266284   1905.23684514
175    95991.7505627   55139.5645271   76431.8371351   55139.5645271   3296.54088145
176    92203.5024238   59683.1732378   82221.9288238   59683.1732378   779.397321335
177    97155.9266282   53920.0002637   75534.1266717   53920.0002637   642.208293601
178    96933.5901584   55744.4950864   76617.6180673   55744.4950864   416.064085605
179    94470.4078607   56547.28016   78614.1820062   56547.28016   379.932357697
180    95516.1532278   57902.9661784   79326.6440791   57902.9661784   234.282808551
181    96589.8295216   53911.4896444   75767.3850806   53911.4896444   212.539314906
182    95151.9812073   58557.6034477   81227.2866659   58557.6034477   638.873924482
183    92206.491144   57785.9221193   79527.6862599   57785.9221193   273.363084479
184    92612.92821   57576.9426989   78883.2993342   57576.9426989   160.186214246
185    92756.1895778   57958.9292847   80228.1086283   57958.9292847   455.139248772
186    92280.8948974   59330.1385409   81336.37516   59330.1385409   222.33700547
187    91007.9549667   57549.4885988   79076.7519263   57549.4885988   407.954853039
188    94134.2924451   58282.9273066   80559.6734459   58282.9273066   705.69227199
189    92328.1745159   56664.7320753   76886.0082804   56664.7320753   1415.42768243
190    92406.9257607   58138.4969983   80292.1365179   58138.4969983   103.701207079
191    92366.4354973   57291.4555352   77329.7441542   57291.4555352   420.913415982
192    89565.0717549   58078.1587229   79601.1793702   58078.1587229   134.09201429
193    92620.5448629   56471.1019955   76922.3647934   56471.1019955   609.63630611
194    89126.3169887   56931.0134629   78025.8234616   56931.0134629   338.02506851
195    94400.3047775   56468.8156282   77176.1117861   56468.8156282   1698.68271471
196    91554.1499614   56539.4591602   78484.3448516   56539.4591602   543.1479941
197    94512.2193906   58877.0780703   80425.8033397   58877.0780703   1422.57349916
198    88977.6984315   57105.4259525   77641.004909   57105.4259525   284.107360615
199    91549.1255707   58434.1505241   79298.0914301   58434.1505241   1841.22898727
200    90117.3124406   60076.1607843   81690.696957   60076.1607843   126.881409293
201    91991.4322102   55217.4718749   75733.3502229   55217.4718749   678.072541188
202    35866.631982   22694.6060781   38523.7536329   22694.6060781   236.706007555
203    59861.4422015   52542.9622272   74114.0910521   52542.9622272   173.602196772
204    53318.2552957   44661.6753077   66289.642478   44661.6753077   5034.35536927
205    24434.4495815   18585.4150253   31841.1783949   18585.4150253   254.258597545
206    44255.9118332   41321.6253435   61975.4873855   41321.6253435   364.824541128
207    34841.1804902   35785.220939   57346.3664042   35785.220939   346.88304446
208    21097.0966721   14628.4280002   25172.4039672   14628.4280002   211.834705732
209    33600.6152814   34293.9140674   54119.6615055   34293.9140674   315.15824604
210    26870.3828392   28368.4269732   47135.5755863   28368.4269732   281.094128776
211    17497.2787149   10535.7272976   18181.3558374   10535.7272976   208.622466383
212    24341.0352554   28690.0988824   47352.203674   28690.0988824   367.535039804
213    23911.7225874   21804.7233648   36689.1170631   21804.7233648   185.399735189
214    14298.7152408   9357.30912927   16137.3970822   9357.30912927   222.671371082
215    18572.8380456   18978.1701809   32035.0864175   18978.1701809   201.506346666
216    18810.0663137   18767.8137654   31701.2103813   18767.8137654   266.698251393
217    12165.1858492   7186.00385789   12409.4530285   7186.00385789   230.765217865
218    11504.2141593   7570.35065739   13037.2126711   7570.35065739   225.047398096
219    11322.3380045   7938.46318287   13679.1576728   7938.46318287   225.568453002
220    11481.768679   9541.21431666   16342.6769026   9541.21431666   235.911903719
221    9490.9881751   6248.2599723   10786.75805   6248.2599723   229.52309907
222    9440.64675701   6112.57279746   10551.2277901   6112.57279746   227.633657344
223    9250.35668734   6044.37728276   10435.1700739   6044.37728276   225.699103344
224    9058.50120429   5997.88938892   10353.2836511   5997.88938892   223.104705751
225    8793.83445079   5951.29839831   10270.006134   5951.29839831   220.297635728
226    8553.39215772   5898.95925395   10175.4279537   5898.95925395   217.223873593
227    8245.44069599   5979.10442173   10307.6885884   5979.10442173   213.783422779
228    8062.7905746   5795.94808307   9990.92130681   5795.94808307   212.292578116
229    7966.516446   5777.91662512   9959.08815122   5777.91662512   211.481001901
230    7879.04220277   5762.17866192   9930.91527526   5762.17866192   210.59456706
231    7779.9790016   5742.42431775   9895.63673912   5742.42431775   209.567393361
232    7664.19023627   5718.89847562   9853.61423849   5718.89847562   208.379479099
233    7529.91951426   5690.68808507   9803.28577852   5690.68808507   207.021164786
234    7373.6841342   5656.14167009   9741.8038906   5656.14167009   205.482364442
235    7193.08630422   5613.70402781   9666.50294864   5613.70402781   203.762904029
236    6985.73123774   5561.79943978   9574.68194125   5561.79943978   201.869828714
237    6750.3290628   5498.53303668   9463.1302576   5498.53303668   199.829790147
238    6484.05171816   5423.17076949   9330.60212713   5423.17076949   197.670226474
239    6195.40630038   5326.38711543   9161.22833248   5326.38711543   195.484104821
240    5919.17885937   5319.9157389   9145.13048228   5319.9157389   193.145006021
241    6782.69485941   6276.65436623   10744.1679318   6276.65436623   191.844344744
242    5715.35877396   5921.19079124   10172.3812609   5921.19079124   187.775958115
243    5361.00767559   5155.56460467   8856.41454058   5155.56460467   189.390461151
244    5358.13233636   4980.14575311   8557.48387725   4980.14575311   188.41408065
245    5275.59908711   5164.97782395   8868.11153773   5164.97782395   188.562058592
246    5068.85947743   4915.85142059   8447.11371491   4915.85142059   187.673776466
247    5037.10302422   4903.21974827   8425.2140217   4903.21974827   187.58644513
248    5009.6714416   4891.29510447   8404.50796309   4891.29510447   187.453483072
249    4977.59892941   4876.02559785   8378.10981317   4876.02559785   187.276175971
250    4938.18318494   4857.18006157   8345.57116197   4857.18006157   187.05570138
251    4889.72754484   4834.43039765   8306.29114043   4834.43039765   186.790754068
252    4831.18625517   4807.26398566   8259.37949572   4807.26398566   186.476649325
253    4761.95304376   4775.25264396   8204.10645651   4775.25264396   186.106496721
254    4680.62246795   4737.25445511   8138.51107739   4737.25445511   185.672542747
255    4585.76526443   4692.11480734   8060.61364683   4692.11480734   185.165843384
256    4475.8042198   4638.53653544   7968.19417114   4638.53653544   184.576046132
257    4350.12423114   4574.96361223   7858.58727699   4574.96361223   183.890607746
258    4208.40959904   4501.88385674   7732.69263743   4501.88385674   183.093379829
259    4047.51664204   4412.45069592   7578.61677802   4412.45069592   182.162946511
260    3929.79394085   4346.14167308   7463.54105063   4346.14167308   181.06266438
261    4852.19225546   5943.95890915   10181.2139468   5943.95890915   179.815348714
262    4656.85964123   5393.55711381   9254.51472325   5393.55711381   179.170931822
263    3922.61201742   4200.50491663   7208.77232951   4200.50491663   178.090808188
264    3986.17430647   4344.58029682   7458.20341969   4344.58029682   178.660545489
265    4251.1430489   4654.19523077   7978.92811862   4654.19523077   176.411580982
266    3475.0930802   4066.77547918   6983.63352576   4066.77547918   177.2778977
267    3425.73350343   4009.32766029   6885.30351507   4009.32766029   177.084678904
268    3420.12180898   3991.36461337   6854.5150292   3991.36461337   176.909468758
269    3404.42307894   3977.60958079   6831.10046208   3977.60958079   176.72370408
270    3382.2824509   3962.33913395   6805.08643372   3962.33913395   176.503088256
271    3355.32577639   3943.62973623   6773.11693696   3943.62973623   176.234742794
272    3322.41217541   3921.06296539   6734.49144054   3921.06296539   175.912749602
273    3282.93693722   3893.97139324   6688.07276025   3893.97139324   175.528115084
274    3236.43184827   3861.59194842   6632.57099186   3861.59194842   175.069478846
275    3181.85203443   3823.07607326   6566.53581949   3823.07607326   174.522470761
276    3118.57475152   3777.55580798   6488.50871423   3777.55580798   173.869125082
277    3048.5263637   3721.52526564   6392.37278043   3721.52526564   173.08818964
278    3000.63879364   3670.98747754   6305.80338352   3670.98747754   172.153384834
279    3304.35842275   3965.03943405   6804.28463082   3965.03943405   171.046860034
280    3375.66940269   4113.0012303   7061.83063111   4113.0012303   170.463647685
281    2919.01820758   3626.15331531   6228.70453445   3626.15331531   170.124311111
282    2822.19030125   3547.34589029   6094.41595446   3547.34589029   169.909924238
283    2804.140647   3527.4461051   6060.25510315   3527.4461051   169.743078366
284    2789.88759966   3509.4281145   6029.25651447   3509.4281145   169.556075009
285    2774.54366383   3491.88111443   5999.12698086   3491.88111443   169.329110706
286    2754.36032023   3473.00286143   5966.76660574   3473.00286143   169.054879953
287    2729.88230033   3451.24071998   5929.48429673   3451.24071998   168.724374987
288    2701.06009745   3425.58906762   5885.54746777   3425.58906762   168.32723547
289    2667.24972503   3395.22553345   5833.53747076   3395.22553345   167.850398224
290    2626.76175285   3359.05870202   5771.58777684   3359.05870202   167.282038188
291    2579.8214442   3316.41251153   5698.51593636   3316.41251153   166.60248302
292    2531.67218476   3268.10606603   5615.67245907   3268.10606603   165.821702044
293    2716.67981763   3421.91845615   5877.20381165   3421.91845615   164.789501248
294    3172.50398006   3718.26026721   6379.73145931   3718.26026721   164.594495178
295    2404.50217803   3258.25798518   5600.36612813   3258.25798518   164.095438119
296    2387.37931428   3184.55765318   5473.6282047   3184.55765318   164.035725882
297    2390.1804305   3163.44648463   5437.03258526   3163.44648463   163.900969998
298    2384.01767478   3148.90790481   5411.91711213   3148.90790481   163.735608343
299    2373.95305082   3134.5760405   5387.2557039   3134.5760405   163.542518163
300    2359.33448151   3119.13378021   5360.73848982   3119.13378021   163.312873665
301    2341.54061257   3101.520009   5330.5345229   3101.520009   163.041488675
302    2319.54629223   3081.10849799   5295.55380844   3081.10849799   162.719760221
303    2293.44031855   3056.86661608   5254.02043361   3056.86661608   162.340009516
304    2261.82922973   3028.62366175   5205.62838944   3028.62366175   161.889647297
305    2227.73837111   2993.86474741   5146.08637651   2993.86474741   161.366510098
306    2178.60681638   2960.74362694   5089.2590844   2960.74362694   160.728960017
307    2287.59686578   2996.23955269   5150.79505687   2996.23955269   160.118052089
308    2426.51441114   3258.06241238   5598.33224729   3258.06241238   159.46725471
309    2174.12914936   2908.22217243   4998.98674313   2908.22217243   159.602343861
310    2086.73588061   2869.00153964   4932.14101174   2869.00153964   159.427076958
311    2081.99827964   2863.83792172   4923.30405052   2863.83792172   159.295718072
312    2074.21207462   2856.323734   4910.44965905   2856.323734   159.162646704
313    2064.60186759   2847.2601956   4894.93751618   2847.2601956   159.009235799
314    2053.12271022   2836.09895063   4875.81856437   2836.09895063   158.830051746
315    2039.07643484   2822.64262852   4852.76108639   2822.64262852   158.619295355
316    2022.20532035   2806.5818592   4825.23942888   2806.5818592   158.370022071
317    2002.02590241   2787.48218782   4792.51012891   2787.48218782   158.074876478
318    1978.24343593   2764.81478853   4753.66671592   2764.81478853   157.725467874
319    1949.72992429   2737.99927389   4707.71213818   2737.99927389   157.313569014
320    1917.93372321   2706.22753399   4653.26346226   2706.22753399   156.826346423
321    1881.83518904   2669.80976296   4590.72259657   2669.80976296   156.264753809
322    2072.4886226   2740.1415385   4708.86725672   2740.1415385   155.543850437
323    2379.1243344   3264.53034421   5612.58684409   3264.53034421   155.356606663
324    1859.63095509   2669.31488869   4590.36578718   2669.31488869   154.987527402
325    1790.07465514   2592.43186829   4458.57317416   2592.43186829   154.967657908
326    1786.88183642   2581.28468671   4439.27369373   2581.28468671   154.869086748
327    1780.76230982   2574.08135153   4426.87032258   2574.08135153   154.746925392
328    1772.39453272   2564.84048305   4411.00210541   2564.84048305   154.602668606
329    1762.01803499   2554.149119   4392.6646344   2554.149119   154.430043267
330    1749.32706886   2541.36891058   4370.75592995   2541.36891058   154.225960104
331    1734.07900944   2526.4847443   4345.24417965   2526.4847443   153.982845067
332    1715.75772486   2508.35899233   4314.17564922   2508.35899233   153.696184575
333    1694.389863   2487.95816131   4279.20547742   2487.95816131   153.351188108
334    1668.2036748   2460.40609534   4231.9622791   2460.40609534   152.958322417
335    1666.06039073   2449.92142892   4213.79933848   2449.92142892   152.423607208
336    1742.98595504   2430.59940802   4180.10445347   2430.59940802   152.313245326
337    1642.61258919   2426.15069459   4173.10539782   2426.15069459   152.066214619
338    1617.06698621   2409.42360064   4144.54954141   2409.42360064   152.034010703
339    1608.70093978   2403.16306735   4133.8315087   2403.16306735   151.971458584
340    1603.44209708   2397.66094061   4124.39756588   2397.66094061   151.887008333
341    1597.27884829   2391.48164054   4113.80226564   2391.48164054   151.784182865
342    1589.88512309   2384.09013468   4101.128399   2384.09013468   151.661300235
343    1581.07179601   2375.26748879   4086.00036806   2375.26748879   151.514321555
344    1570.55753949   2364.74354817   4067.95487601   2364.74354817   151.338705508
345    1558.06155689   2352.20216841   4046.44954241   2352.20216841   151.128935153
346    1543.19790725   2337.28153453   4020.86380114   2337.28153453   150.878659942
347    1525.64867122   2319.54237912   3990.44370318   2319.54237912   150.580122769
348    1504.70313168   2298.55681396   3954.4559051   2298.55681396   150.224954267
349    1480.89415833   2273.55730749   3911.58005243   2273.55730749   149.800893352
350    1449.65275582   2245.39691654   3863.27772295   2245.39691654   149.304823965
351    1490.83021873   2272.36966291   3909.66657388   2272.36966291   148.669107238
352    1806.53167609   2495.68320899   4290.34519026   2495.68320899   148.504599907
353    1506.16223838   2298.69271119   3955.65512257   2298.69271119   148.158423223
354    1378.69827836   2199.07992393   3784.36810122   2199.07992393   148.136121406
355    1382.81830495   2187.18583894   3763.75265116   2187.18583894   148.05477897
356    1381.28484816   2178.89223684   3749.42069313   2178.89223684   147.952831573
357    1376.66498029   2170.03232243   3734.15580142   2170.03232243   147.830471819
358    1369.00214881   2160.67848037   3718.07362391   2160.67848037   147.682332056
359    1359.21273097   2149.94593352   3699.64409667   2149.94593352   147.505067526
360    1346.81842162   2137.96354027   3679.08276076   2137.96354027   147.291342502
361    1333.34937207   2123.07694625   3653.54018533   2123.07694625   147.035836531
362    1314.58021826   2107.66748188   3627.10918318   2107.66748188   146.724239442
363    1305.24751832   2082.47237493   3583.86761136   2082.47237493   146.366449018
364    1279.99973139   2105.3000654   3623.15321417   2105.3000654   145.867564291
365    1436.7977577   2111.39180064   3633.84414992   2111.39180064   145.790288869
366    1266.30763782   2091.34438122   3599.28857984   2091.34438122   145.545011653
367    1249.93637058   2049.102579   3526.66728319   2049.102579   145.523917498
368    1253.03700138   2039.67300162   3510.47073922   2039.67300162   145.466848611
369    1249.43686383   2035.06051812   3502.55063282   2035.06051812   145.387600962
370    1244.54306712   2030.14852615   3494.11975461   2030.14852615   145.291716604
371    1238.962194   2024.21764023   3483.94186587   2024.21764023   145.177655227
372    1232.463177   2017.21173281   3471.92063071   2017.21173281   145.04158891
373    1224.85993743   2008.84465636   3457.56441669   2008.84465636   144.879334005
374    1215.77767881   1998.93418293   3440.5601587   1998.93418293   144.685623191
375    1205.18992806   1987.05420398   3420.17605238   1987.05420398   144.454669043
376    1192.19249967   1973.16054244   3396.33637615   1973.16054244   144.178945475
377    1178.37307756   1955.928676   3366.76620564   1955.928676   143.851805925
378    1155.20521599   1938.76832286   3337.3187712   1938.76832286   143.457547028
379    1178.60367247   1923.20253872   3310.81394517   1923.20253872   143.016615403
380    1157.5133039   1984.70595699   3416.42280277   1984.70595699   142.720493053
381    1211.21561107   1925.99716821   3315.76270306   1925.99716821   142.682275573
382    1128.02765423   1892.01699669   3257.09669053   1892.01699669   142.596851391
383    1118.02228489   1890.22735825   3254.01553418   1890.22735825   142.523190499
384    1114.91844187   1886.0372144   3246.82408564   1886.0372144   142.4408655
385    1110.50678631   1881.28756986   3238.67300739   1881.28756986   142.342141966
386    1105.51089925   1875.55519403   3228.83564366   1875.55519403   142.224097142
387    1099.35071848   1868.77059872   3217.19229533   1868.77059872   142.082874472
388    1092.2590879   1860.61190243   3203.19054227   1860.61190243   141.914121015
389    1083.55316013   1851.00232997   3186.69824449   1851.00232997   141.71241579
390    1074.22742968   1839.30421629   3166.6211096   1839.30421629   141.471863191
391    1060.42408194   1826.21448692   3144.15357516   1826.21448692   141.184225166
392    1056.59372725   1809.53452581   3115.54798862   1809.53452581   140.844490346
393    1037.76051647   1827.26995217   3146.0959916   1827.26995217   140.425300509
394    1181.11346625   1864.61383465   3210.43565263   1864.61383465   140.256366778
395    1025.18150369   1821.03348916   3135.34397876   1821.03348916   140.118429776
396    1013.35422566   1777.40161892   3060.3684943   1777.40161892   140.078275938
397    1017.53723967   1771.58575475   3050.38783776   1771.58575475   140.019930195
398    1014.82146696   1768.07867904   3044.3671645   1768.07867904   139.947425408
399    1011.53699574   1764.01008327   3037.38239476   1764.01008327   139.860610721
400    1007.72264186   1759.17742152   3029.08619026   1759.17742152   139.75670751
401    1003.15232239   1753.46236636   3019.27552965   1753.46236636   139.632348447
402    997.751490022   1746.64584529   3007.57386262   1746.64584529   139.483590638
403    991.264408743   1738.54710939   2993.67085551   1738.54710939   139.305718168
404    983.669980053   1728.89641183   2977.1034351   1728.89641183   139.093224118
405    974.321969263   1717.59223094   2957.69825357   1717.59223094   138.83945399
406    964.477745779   1703.71360276   2933.86986157   1703.71360276   138.537069389
407    947.229890892   1689.42292641   2909.3439476   1689.42292641   138.175403342
408    966.579643937   1680.35539295   2893.93050075   1680.35539295   137.753162526
409    947.953420644   1721.02994546   2963.80453325   1721.02994546   137.517771534
410    1002.82858834   1689.09243151   2909.05082725   1689.09243151   137.438982331
411    928.095958386   1651.63462702   2844.45022438   1651.63462702   137.373682142
412    920.987814627   1650.30966398   2842.18355422   1650.30966398   137.308657112
413    919.013226611   1646.80849679   2836.17060912   1646.80849679   137.232366825
414    915.738297903   1642.95070949   2829.54714779   1642.95070949   137.140799678
415    912.246899569   1638.19687543   2821.38423507   1638.19687543   137.031293215
416    907.737226916   1632.64126606   2811.84516904   1632.64126606   136.900172727
417    902.81884079   1625.85875423   2800.19825679   1625.85875423   136.743426503
418    896.1411311   1618.0544313   2786.79811157   1618.0544313   136.55581025
419    890.284880647   1608.06898   2769.64775225   1608.06898   136.332094336
420    876.546107468   1598.4714956   2753.17502296   1598.4714956   136.063351578
421    891.751358777   1590.48385984   2739.54785046   1590.48385984   135.749499575
422    865.766601875   1598.74129816   2753.68896282   1598.74129816   135.577568213
423    877.825097244   1577.24540946   2716.77197418   1577.24540946   135.509476428
424    865.808882256   1571.20820175   2706.34199579   1571.20820175   135.467319502
425    860.785756541   1570.07636161   2704.40367065   1570.07636161   135.418868403
426    858.410103377   1567.94349822   2700.74218191   1567.94349822   135.361664848
427    856.346453382   1565.1331512   2695.91566158   1565.1331512   135.293305978
428    853.855721768   1561.77709992   2690.15193055   1561.77709992   135.211408767
429    850.888791979   1557.76230744   2683.25677461   1557.76230744   135.113325084
430    847.343250881   1552.96632051   2675.01985587   1552.96632051   134.995885964
431    843.123191514   1547.23865611   2665.18263879   1547.23865611   134.855323154
432    838.090013121   1540.40918138   2653.4528492   1540.40918138   134.687149722
433    832.12941749   1532.26772596   2639.46933433   1532.26772596   134.486052514
434    824.994253337   1522.59802912   2622.86060067   1522.59802912   134.245710427
435    816.797009415   1511.05570376   2603.03437379   1511.05570376   133.958753076
436    805.932141438   1497.66601076   2580.0359174   1497.66601076   133.61605207
437    800.609056017   1480.34706724   2550.27345997   1480.34706724   133.20941809
438    781.867434953   1498.23507038   2581.13249498   1498.23507038   132.710735983
439    1025.54332738   1648.12670672   2838.12148525   1648.12670672   132.520285832
440    812.662799215   1615.63628246   2784.78058798   1615.63628246   132.319735622
441    765.092006987   1457.26224394   2510.94238709   1457.26224394   132.276334081
442    767.252991036   1449.45326636   2497.37490905   1449.45326636   132.20580388
443    768.217207505   1440.60055968   2482.03714179   1440.60055968   132.121278564
444    766.779261458   1435.94863964   2474.0233754   1435.94863964   132.018489122
445    762.7505705   1430.21094737   2464.14307114   1430.21094737   131.8959884
446    758.519080171   1426.01176686   2456.95236145   1426.01176686   131.747787599
447    756.003137409   1421.89066495   2449.85027989   1421.89066495   131.67474356
448    754.774654203   1420.7189217   2447.84148275   1420.7189217   131.637684208
449    753.489159718   1419.14610922   2445.14087032   1419.14610922   131.593375433
450    751.933296959   1417.19170768   2441.78357762   1417.19170768   131.540291588
451    750.181719393   1414.83689882   2437.73812936   1414.83689882   131.476643391
452    748.178047005   1412.01935956   2432.89767695   1412.01935956   131.400323615
453    745.782517751   1408.64873595   2427.106943   1408.64873595   131.308825755
454    742.920453718   1404.6187303   2420.1832515   1404.6187303   131.199155099
455    739.506184827   1399.80311268   2411.90964639   1399.80311268   131.067740078
456    735.437648085   1394.05367238   2402.03137735   1394.05367238   130.91032634
457    730.599858948   1387.19582732   2390.24832577   1387.19582732   130.721856689
458    724.850785258   1379.02848943   2376.21480698   1379.02848943   130.496326007
459    718.059488442   1369.3118661   2359.51846164   1369.3118661   130.226629666
460    709.934931188   1357.80442629   2339.74432423   1357.80442629   129.90432129
461    701.001622674   1344.04311877   2316.0939666   1344.04311877   129.519690212
462    688.148865254   1329.09295501   2290.41007978   1329.09295501   129.059401198
463    746.094288317   1326.55524232   2285.63128485   1326.55524232   128.525328687
464    867.031472714   1742.28751005   3005.50421069   1742.28751005   128.188831376
465    860.000836555   1508.62492185   2599.86998272   1508.62492185   128.191574397
466    697.186051249   1305.63130175   2249.87777743   1305.63130175   128.093803058
467    686.411735413   1288.1590533   2219.79352113   1288.1590533   128.009627871
468    676.804606143   1291.15254593   2225.11886362   1291.15254593   127.898042641
469    674.127631185   1288.95939263   2221.35597729   1288.95939263   127.779356386
470    682.894841521   1297.65001691   2236.27032138   1297.65001691   127.625050028
471    661.507994726   1280.51388996   2206.87868366   1280.51388996   127.559973991
472    653.1670935   1275.54533724   2198.33549048   1275.54533724   127.522731744
473    651.677398305   1274.84176752   2197.13878942   1274.84176752   127.479277496
474    650.092689491   1273.50347918   2194.84382477   1273.50347918   127.427775559
475    648.204992403   1271.60672854   2191.58626533   1271.60672854   127.36628918
476    646.16068344   1269.33076571   2187.67693088   1269.33076571   127.292759684
477    644.258466517   1266.59033264   2182.96904406   1266.59033264   127.204850556
478    642.012005386   1263.29845834   2177.31302791   1263.29845834   127.099773977
479    639.351134231   1259.3477875   2170.52421345   1259.3477875   126.974199663
480    636.202221393   1254.6197275   2162.39871644   1254.6197275   126.824149593
481    632.457491348   1248.96686963   2152.68305434   1248.96686963   126.644870406
482    628.042803564   1242.24382819   2141.12752381   1242.24382819   126.430690945
483    622.693257261   1234.19950126   2127.29985666   1234.19950126   126.174835618
484    616.94954573   1224.90904991   2111.33196759   1224.90904991   125.869309536
485    610.678239078   1212.91967292   2090.70488015   1212.91967292   125.504207699
486    658.571904633   1234.55331355   2127.56693034   1234.55331355   125.071131928
487    887.006912048   1616.60582995   2787.88157729   1616.60582995   124.844503386
488    661.380999206   1368.68805891   2359.60625298   1368.68805891   124.760579296
489    618.402774932   1189.47592784   2050.28860986   1189.47592784   124.727036538
490    598.193045181   1185.39077706   2043.27588747   1185.39077706   124.651484664
491    599.595953258   1183.53276052   2040.13861804   1183.53276052   124.570800933
492    591.021932063   1183.760774   2040.58152211   1183.760774   124.471950488
493    591.889015306   1179.21169173   2032.7598104   1179.21169173   124.358807652
494    580.081513152   1178.40976275   2031.40762715   1178.40976275   124.21920122
495    584.880189684   1173.6562913   2023.21690064   1173.6562913   124.154131129
496    582.27980914   1173.25850451   2022.53949236   1173.25850451   124.119655109
497    580.868362071   1172.28658664   2020.8707424   1172.28658664   124.078841048
498    579.816909697   1170.91213267   2018.50831455   1170.91213267   124.030138133
499    578.674683387   1169.21847384   2015.59667106   1169.21847384   123.971821224
500    577.321820738   1167.18937625   2012.1082055   1167.18937625   123.901947541
501    575.725697666   1164.75852455   2007.92884294   1164.75852455   123.818242332
502    573.840842724   1161.8504046   2002.92871138   1161.8504046   123.717984161
503    571.61870952   1158.37530187   1996.95351795   1158.37530187   123.597925159
504    568.996142168   1154.2299335   1989.82566295   1154.2299335   123.454190463
505    565.902381861   1149.29161694   1981.33418145   1149.29161694   123.282170132
506    562.238148559   1143.42387048   1971.24444102   1143.42387048   123.076379212
507    557.948919598   1136.44797982   1959.24899203   1136.44797982   122.830339677
508    552.697597962   1128.248568   1945.1500839   1128.248568   122.536267352
509    547.933077167   1118.17250941   1927.82011808   1118.17250941   122.185624042
510    537.328091216   1109.27767679   1912.53497979   1109.27767679   121.76347391
511    586.101123045   1100.51352558   1897.27848772   1100.51352558   121.568022782
512    532.648465937   1130.32064354   1948.79094169   1130.32064354   121.439870947
513    540.398609099   1095.70134856   1889.15985115   1095.70134856   121.403290496
514    536.551669604   1095.83306227   1889.40010351   1095.83306227   121.376172542
515    534.307621592   1095.42862927   1888.70988985   1095.42862927   121.344421008
516    533.070756579   1094.59276162   1887.27412344   1094.59276162   121.306816897
517    532.240432964   1093.43181118   1885.27795465   1093.43181118   121.261936224
518    531.40893677   1092.00138924   1882.81804109   1092.00138924   121.208174906
519    530.415183472   1090.28956884   1879.87419849   1090.28956884   121.143719403
520    529.225405143   1088.24286898   1876.35445355   1088.24286898   121.066451994
521    527.803378924   1085.79623112   1872.14690255   1085.79623112   120.97384177
522    526.104710265   1082.87325142   1867.12012766   1082.87325142   120.862863868
523    524.078729833   1079.38333364   1861.11828948   1079.38333364   120.729907571
524    521.663457162   1075.2211549   1853.96021879   1075.2211549   120.570665989
525    518.792440694   1070.26148851   1845.43047834   1070.26148851   120.380011768
526    515.370059498   1064.36556411   1835.2903733   1064.36556411   120.151840637
527    511.365112767   1057.34406766   1823.21397626   1057.34406766   119.878934346
528    506.324862938   1049.13675422   1809.0987335   1049.13675422   119.552586286
529    502.655799281   1038.61586179   1790.99554591   1038.61586179   119.163582538
530    492.199125067   1035.71227549   1786.03233759   1035.71227549   118.691735239
531    625.670973195   1101.35045314   1898.99780113   1101.35045314   118.491860111
532    574.809100806   1240.32156017   2139.64119383   1240.32156017   118.307070915
533    526.122059925   1029.08131967   1774.65053219   1029.08131967   118.300394056
534    499.121930122   1017.42579806   1754.54465545   1017.42579806   118.267347164
535    490.462327642   1014.70952105   1749.85659628   1014.70952105   118.230735664
536    487.490461921   1014.34113061   1749.23046295   1014.34113061   118.188421869
537    486.315555551   1013.38277752   1747.5860693   1013.38277752   118.1382927
538    485.558864251   1012.13650501   1745.44592697   1012.13650501   118.078372811
539    484.643223282   1010.56952503   1742.75331113   1010.56952503   118.006642882
540    483.538198132   1008.61410994   1739.39152899   1008.61410994   117.920739786
541    482.182807518   1006.22759325   1735.28748135   1006.22759325   117.817827324
542    480.555679667   1003.34187725   1730.32420597   1003.34187725   117.694562427
543    478.56561015   999.893200552   1724.39232404   999.893200552   117.546993888
544    476.262984666   995.74875679   1717.2631676   995.74875679   117.370463357
545    473.239250183   990.89416263   1708.91287272   990.89416263   117.159306771
546    470.892854137   984.728109108   1698.3028861   984.728109108   116.907163297
547    464.985439728   979.996900043   1690.17871737   979.996900043   116.604281875
548    481.842716451   980.16473577   1690.49698286   980.16473577   116.457732525
549    463.524450018   977.525159502   1685.93894774   977.525159502   116.37758732
550    461.847132191   972.386409958   1677.0760184   972.386409958   116.341991106
551    462.195417688   970.989571009   1674.67000273   970.989571009   116.297253626
552    461.417211397   969.79177877   1672.60952413   969.79177877   116.243268593
553    460.61747846   968.320957262   1670.07903057   968.320957262   116.178575223
554    459.609558703   966.575063485   1667.07538543   966.575063485   116.101011633
555    458.44436734   964.47663858   1663.46512005   964.47663858   116.008055998
556    457.005785727   961.981140427   1659.17176668   961.981140427   115.89665529
557    455.371839276   958.979843069   1654.00796453   958.979843069   115.763215447
558    453.230666579   955.449027247   1647.93345562   955.449027247   115.603360235
559    451.292371392   951.087839845   1640.42883655   951.087839845   115.412129729
560    447.097064267   946.516460095   1632.56710437   946.516460095   115.182742281
561    455.444733934   940.985183461   1623.04357515   940.985183461   114.911361741
562    447.850716444   947.956636402   1635.0591645   947.956636402   114.768020829
563    460.379165454   938.112001442   1618.09610546   938.112001442   114.707531045
564    444.31491735   934.399179325   1611.70897106   934.399179325   114.670940765
565    441.500650899   934.053062688   1611.11929006   934.053062688   114.62955308
566    440.894005634   933.009291778   1609.3233912   933.009291778   114.580550842
567    440.211196148   931.74207685   1607.14288699   931.74207685   114.521809604
568    439.382916656   930.230441327   1604.54183525   930.230441327   114.451390717
569    438.399012246   928.420007518   1601.42660612   928.420007518   114.366991586
570    437.217027605   926.258477505   1597.70723322   926.258477505   114.26585518
571    435.815904226   923.672553909   1593.25752232   923.672553909   114.144697556
572    434.125380337   920.594081046   1587.96025838   920.594081046   113.999595629
573    432.167789038   916.90204127   1581.60692913   916.90204127   113.82590297
574    429.64438317   912.584542857   1574.17780763   912.584542857   113.618032703
575    427.567578036   907.089924546   1564.71991324   907.089924546   113.369649757
576    423.177275079   903.257912654   1558.14233137   903.257912654   113.071724944
577    437.581094567   905.333673217   1561.76216396   905.333673217   112.926566096
578    423.524626514   902.070515388   1556.11732618   902.070515388   112.84878363
579    420.29878343   896.142877328   1545.88550146   896.142877328   112.813460847
580    420.323350172   894.91113803   1543.76324695   894.91113803   112.769372885
581    419.648705485   893.863217094   1541.96011858   893.863217094   112.716290847
582    418.985098998   892.553648883   1539.70630037   892.553648883   112.652688522
583    418.126818352   891.011054564   1537.05161632   891.011054564   112.576445263
584    417.154716843   889.146306716   1533.84234059   889.146306716   112.485094873
585    415.92518129   886.943216083   1530.05094203   886.943216083   112.375644843
586    414.584039844   884.266377907   1525.44381613   884.266377907   112.244593349
587    412.721464404   881.186853819   1520.14447748   881.186853819   112.08764345
588    411.420622026   877.148552917   1513.19194235   877.148552917   111.900053149
589    407.738177588   873.914175753   1507.63356533   873.914175753   111.674839253
590    413.514846359   871.841959812   1504.07072069   871.841959812   111.564454894
591    405.727932303   870.307851565   1501.42518602   870.307851565   111.5070697
592    405.956745457   869.236997704   1499.57890646   869.236997704   111.479442699
593    405.953635086   868.392712757   1498.12435967   868.392712757   111.446051777
594    405.594544492   867.567977013   1496.70459437   867.567977013   111.405902076
595    405.089428179   866.622010596   1495.0764527   866.622010596   111.357738927
596    404.487331549   865.488525757   1493.12554887   865.488525757   111.300000568
597    403.766159819   864.132097222   1490.79091242   864.132097222   111.230794549
598    402.904506147   862.509283613   1487.99776259   862.509283613   111.147861052
599    401.87439782   860.571199921   1484.66197114   860.571199921   111.04850216
