              _____      _       ____        _ _     _           
             |  __ \    | |     |  _ \      (_) |   | |          
  _ __  _   _| |__) |__ | |_   _| |_) |_   _ _| | __| | ___ _ __ 
 | '_ \| | | |  ___/ _ \| | | | |  _ <| | | | | |/ _` |/ _ \ '__|
 | |_) | |_| | |  | (_) | | |_| | |_) | |_| | | | (_| |  __/ |   
 | .__/ \__, |_|   \___/|_|\__, |____/ \__,_|_|_|\__,_|\___|_|   
 | |     __/ |              __/ |                                
 |_|    |___/              |___/                                 


Authors: Vitor A. C. Horta, Mayk C. Ramos and Bruno A. C. Horta

Module DENDRIMER was activated
Reading files:
Dendrimer core-block: core_PAMAM_2.itp
Dendrimer intr-block: inter_PAMAM.itp
Dendrimer term-block: ter_PAMAM.itp
Connecting Building Blocks...
Building Angles...
Building Dihedrals...

All Done! Please don't forget to

***************************
*!!!CHECK YOUR TOPOLOGY!!!*
***************************

If your system has any special feature that is not covered by pyPolyBuilder or
If you encounter any bug, please, help us improve the code at www.github.xxx/pypolybuilder

Trying to optimize geometry ...
1   7
1   8
1   9
1   10
1   11
1   12
1   13
1   14
1   15
1   16
1   17
1   18
1   19
1   20
1   21
1   22
1   23
1   24
1   25
1   26
1   27
1   34
1   35
1   37
1   38
1   39
1   40
1   48
1   51
1   52
1   53
1   60
1   61
1   62
1   63
1   64
1   65
1   66
1   116
2   5
2   6
2   9
2   10
2   11
2   12
2   13
2   14
2   15
2   16
2   17
2   18
2   19
2   20
2   22
2   25
2   26
2   27
2   34
2   35
2   36
2   37
2   38
2   39
2   40
2   47
2   48
2   51
2   52
2   53
2   60
2   61
2   62
2   63
2   64
2   65
2   66
3   4
3   7
3   8
3   10
3   11
3   13
3   14
3   15
3   16
3   17
3   18
3   19
3   20
3   21
3   22
3   23
3   24
3   25
3   26
3   27
3   34
3   35
3   36
3   37
3   38
3   39
3   40
3   51
3   52
3   53
3   60
3   61
3   62
3   64
3   65
3   66
3   81
3   95
4   5
4   6
4   9
4   10
4   11
4   12
4   13
4   14
4   16
4   17
4   19
4   20
4   22
4   25
4   26
4   27
4   34
4   35
4   36
4   38
4   39
4   40
4   47
4   48
4   49
4   50
4   51
4   52
4   53
4   60
4   61
4   62
4   63
4   64
4   65
4   66
4   109
5   7
5   8
5   11
5   12
5   13
5   14
5   15
5   16
5   18
5   19
5   20
5   21
5   22
5   23
5   24
5   25
5   26
5   27
5   28
5   31
5   32
5   34
5   35
5   37
5   38
5   39
5   40
5   52
5   53
5   60
5   61
5   62
5   64
5   65
5   66
5   74
5   80
5   81
5   116
6   7
6   8
6   9
6   10
6   11
6   14
6   15
6   16
6   17
6   18
6   19
6   20
6   21
6   22
6   24
6   25
6   26
6   27
6   34
6   35
6   36
6   37
6   38
6   39
6   40
6   41
6   44
6   45
6   48
6   51
6   52
6   53
6   61
6   64
6   65
6   66
6   88
6   94
6   95
6   97
7   9
7   10
7   12
7   13
7   14
7   17
7   18
7   19
7   20
7   26
7   27
7   34
7   35
7   36
7   38
7   39
7   40
7   47
7   48
7   49
7   50
7   51
7   52
7   53
7   54
7   57
7   58
7   60
7   61
7   63
7   64
7   65
7   66
7   88
7   102
7   108
7   109
8   9
8   10
8   11
8   12
8   13
8   14
8   15
8   16
8   17
8   20
8   22
8   25
8   26
8   27
8   35
8   38
8   39
8   40
8   47
8   48
8   50
8   51
8   52
8   53
8   60
8   61
8   62
8   63
8   64
8   65
8   66
8   67
8   70
8   71
8   116
8   122
8   123
9   12
9   13
9   14
9   15
9   18
9   19
9   21
9   22
9   23
9   24
9   25
9   27
9   28
9   31
9   32
9   34
9   35
9   37
9   38
9   39
9   40
9   53
9   61
9   64
9   65
9   66
9   74
9   80
9   81
9   82
9   83
9   95
10   12
10   13
10   14
10   18
10   19
10   21
10   22
10   23
10   24
10   28
10   29
10   31
10   32
10   33
10   35
10   38
10   39
10   40
10   61
10   64
10   65
10   66
10   73
10   74
10   80
10   81
10   82
10   83
10   84
10   85
10   86
11   12
11   13
11   14
11   21
11   22
11   23
11   24
11   25
11   27
11   28
11   29
11   31
11   32
11   33
11   35
11   38
11   39
11   40
11   66
11   73
11   74
11   80
11   81
11   82
11   83
11   84
11   85
11   86
11   95
12   15
12   16
12   18
12   19
12   21
12   22
12   24
12   25
12   26
12   27
12   34
12   35
12   36
12   37
12   38
12   40
12   41
12   44
12   45
12   52
12   53
12   65
12   66
12   81
12   88
12   94
12   95
12   96
12   97
12   98
12   99
13   15
13   16
13   18
13   22
13   25
13   26
13   27
13   34
13   35
13   36
13   37
13   41
13   42
13   44
13   45
13   46
13   52
13   53
13   66
13   87
13   88
13   94
13   95
13   96
13   97
13   98
13   99
13   100
14   22
14   25
14   26
14   27
14   34
14   35
14   36
14   37
14   38
14   40
14   41
14   42
14   44
14   45
14   46
14   53
14   87
14   88
14   94
14   95
14   96
14   97
14   98
14   99
14   100
15   18
15   19
15   20
15   27
15   35
15   38
15   39
15   40
15   47
15   48
15   49
15   50
15   51
15   53
15   54
15   57
15   58
15   60
15   61
15   63
15   64
15   65
15   66
15   102
15   108
15   109
15   110
15   111
16   18
16   19
16   20
16   35
16   38
16   39
16   40
16   47
16   48
16   49
16   50
16   54
16   55
16   57
16   58
16   59
16   61
16   64
16   65
16   66
16   88
16   101
16   102
16   108
16   109
16   110
16   111
16   112
16   113
16   114
17   18
17   19
17   20
17   40
17   47
17   48
17   49
17   50
17   51
17   53
17   54
17   55
17   57
17   58
17   59
17   61
17   64
17   65
17   66
17   101
17   102
17   108
17   109
17   110
17   111
17   112
17   113
17   114
18   26
18   27
18   39
18   40
18   47
18   48
18   49
18   50
18   51
18   52
18   53
18   60
18   61
18   62
18   63
18   64
18   66
18   67
18   70
18   71
18   109
18   116
18   122
18   123
18   124
18   125
19   26
19   27
19   40
19   47
19   48
19   50
19   51
19   52
19   53
19   60
19   61
19   62
19   63
19   67
19   68
19   70
19   71
19   72
19   109
19   115
19   116
19   122
19   123
19   124
19   125
19   126
19   127
20   27
20   47
20   48
20   50
20   51
20   52
20   53
20   60
20   61
20   62
20   63
20   64
20   66
20   67
20   68
20   70
20   71
20   72
20   108
20   109
20   111
20   115
20   116
20   122
20   123
20   124
20   125
20   126
20   127
20   128
21   26
21   27
21   29
21   30
21   32
21   33
21   61
21   62
21   66
21   68
21   73
21   74
21   75
21   76
21   77
21   78
21   79
21   80
21   81
21   82
21   83
21   84
21   85
21   86
21   115
21   116
21   117
21   118
21   119
21   120
21   121
22   27
22   28
22   29
22   30
22   31
22   32
22   33
22   60
22   61
22   62
22   64
22   65
22   66
22   67
22   68
22   73
22   74
22   75
22   76
22   77
22   78
22   79
22   80
22   81
22   82
22   83
22   84
22   85
22   86
22   115
22   116
22   117
22   118
22   119
22   120
22   121
23   25
23   26
23   27
23   30
23   31
23   32
23   33
23   60
23   61
23   62
23   66
23   67
23   68
23   73
23   74
23   75
23   76
23   77
23   78
23   79
23   80
23   81
23   82
23   83
23   84
23   85
23   86
23   115
23   116
23   117
23   118
23   119
23   120
23   121
24   25
24   26
24   27
24   28
24   29
24   30
24   33
24   73
24   74
24   75
24   76
24   77
24   78
24   79
24   80
24   81
24   82
24   83
24   84
24   85
24   86
24   115
24   116
24   117
24   118
24   119
24   120
24   121
25   28
25   29
25   30
25   31
25   32
25   33
25   39
25   40
25   60
25   61
25   62
25   64
25   65
25   66
25   73
25   74
25   75
25   76
25   80
25   81
25   82
25   83
25   84
25   85
25   86
25   115
25   116
25   117
25   118
25   119
25   120
26   28
26   29
26   30
26   31
26   32
26   33
26   38
26   39
26   40
26   60
26   61
26   62
26   64
26   65
26   66
26   73
26   74
26   75
26   80
26   81
26   82
26   83
26   84
26   85
26   86
26   115
26   116
26   118
27   28
27   29
27   30
27   31
27   32
27   33
27   38
27   39
27   40
27   60
27   61
27   62
27   63
27   64
27   65
27   66
27   67
27   68
27   73
27   74
27   75
27   76
27   80
27   81
27   82
27   83
27   84
27   115
27   116
27   117
27   118
27   119
28   31
28   32
28   33
28   62
28   68
28   74
28   75
28   76
28   77
28   78
28   79
28   80
28   81
28   82
28   83
28   84
28   85
28   86
28   115
28   116
28   117
28   118
28   119
28   120
28   121
29   31
29   32
29   33
29   62
29   67
29   68
29   69
29   76
29   77
29   78
29   79
29   80
29   81
29   82
29   83
29   84
29   86
29   115
29   116
29   117
29   118
29   119
29   120
29   121
30   31
30   32
30   33
30   74
30   75
30   76
30   77
30   78
30   79
30   80
30   81
30   82
30   83
30   84
30   86
30   115
30   116
30   117
30   118
30   119
30   120
30   121
31   73
31   74
31   75
31   76
31   77
31   78
31   79
31   81
31   82
31   83
31   84
31   85
31   86
31   116
31   118
31   119
31   120
31   121
32   73
32   74
32   75
32   76
32   77
32   79
32   83
32   84
32   85
32   86
33   73
33   74
33   75
33   76
33   77
33   79
33   81
33   82
33   83
33   84
33   85
33   86
34   39
34   40
34   42
34   43
34   45
34   46
34   48
34   52
34   53
34   87
34   88
34   89
34   90
34   91
34   92
34   93
34   94
34   95
34   96
34   97
34   98
34   99
34   100
35   40
35   41
35   42
35   43
35   44
35   45
35   46
35   48
35   51
35   52
35   53
35   87
35   88
35   89
35   90
35   91
35   92
35   93
35   94
35   95
35   96
35   97
35   98
35   99
35   100
36   38
36   39
36   40
36   43
36   44
36   45
36   46
36   47
36   48
36   49
36   51
36   52
36   53
36   87
36   88
36   89
36   90
36   91
36   92
36   93
36   94
36   95
36   96
36   97
36   98
36   99
36   100
36   101
36   102
36   104
36   106
37   38
37   39
37   40
37   41
37   42
37   43
37   46
37   87
37   88
37   89
37   90
37   91
37   92
37   93
37   94
37   95
37   96
37   97
37   98
37   99
37   100
38   41
38   42
38   43
38   44
38   45
38   46
38   48
38   52
38   53
38   87
38   88
38   89
38   90
38   94
38   95
38   96
38   97
38   98
38   99
38   100
39   41
39   42
39   43
39   44
39   45
39   46
39   48
39   51
39   52
39   53
39   66
39   87
39   88
39   89
39   90
39   94
39   95
39   96
39   97
39   98
39   99
39   100
40   41
40   42
40   43
40   44
40   45
40   46
40   48
40   51
40   52
40   53
40   65
40   66
40   87
40   88
40   89
40   90
40   94
40   95
40   96
40   97
40   98
40   99
41   44
41   45
41   46
41   53
41   88
41   89
41   90
41   91
41   92
41   93
41   94
41   95
41   96
41   97
41   98
41   99
41   100
41   102
41   104
41   105
41   106
42   44
42   45
42   46
42   49
42   90
42   91
42   92
42   93
42   94
42   95
42   96
42   97
42   101
42   102
42   103
42   104
42   105
42   106
42   107
43   44
43   45
43   46
43   88
43   89
43   90
43   91
43   92
43   93
43   94
43   95
43   96
43   97
43   102
43   104
43   105
43   106
43   107
44   87
44   88
44   89
44   90
44   91
44   92
44   93
44   95
44   96
44   97
44   98
44   99
44   100
45   87
45   88
45   89
45   90
45   97
45   98
45   99
45   100
46   87
46   88
46   89
46   90
46   95
46   96
46   97
46   98
46   99
46   100
47   52
47   53
47   55
47   56
47   58
47   59
47   87
47   88
47   89
47   90
47   91
47   92
47   93
47   101
47   102
47   103
47   104
47   105
47   106
47   107
47   108
47   109
47   110
47   111
47   112
47   113
47   114
48   53
48   54
48   55
48   56
48   57
48   58
48   59
48   65
48   66
48   87
48   88
48   89
48   90
48   91
48   92
48   93
48   101
48   102
48   103
48   104
48   105
48   106
48   107
48   108
48   109
48   110
48   111
48   112
48   113
48   114
49   51
49   52
49   53
49   56
49   57
49   58
49   59
49   87
49   88
49   89
49   90
49   91
49   92
49   93
49   101
49   102
49   103
49   104
49   105
49   106
49   107
49   108
49   109
49   110
49   111
49   112
49   114
50   51
50   52
50   53
50   54
50   55
50   56
50   59
50   88
50   90
50   91
50   92
50   101
50   102
50   103
50   104
50   105
50   106
50   107
50   108
50   109
50   110
50   111
50   112
50   113
50   114
51   54
51   55
51   56
51   57
51   58
51   59
51   64
51   65
51   66
51   87
51   88
51   90
51   91
51   92
51   101
51   102
51   103
51   104
51   108
51   109
51   110
51   111
51   112
51   113
51   114
52   54
52   55
52   56
52   57
52   58
52   59
52   61
52   64
52   65
52   66
52   87
52   88
52   90
52   101
52   102
52   103
52   104
52   108
52   109
52   110
52   111
52   112
52   113
52   114
53   54
53   55
53   56
53   57
53   58
53   59
53   61
53   64
53   65
53   66
53   87
53   88
53   89
53   90
53   92
53   101
53   102
53   103
53   104
53   108
53   109
53   110
53   111
54   57
54   58
54   59
54   87
54   88
54   89
54   90
54   91
54   92
54   93
54   102
54   103
54   104
54   105
54   106
54   107
54   108
54   109
54   110
54   111
54   112
54   113
54   114
55   57
55   58
55   59
55   87
55   88
55   89
55   90
55   91
55   92
55   93
55   104
55   105
55   106
55   107
55   108
55   109
55   110
55   111
56   57
56   58
56   59
56   89
56   90
56   91
56   92
56   93
56   102
56   103
56   104
56   105
56   106
56   107
56   108
56   109
56   110
56   111
57   90
57   91
57   92
57   101
57   102
57   103
57   104
57   105
57   106
57   107
57   109
57   110
57   111
57   112
57   113
57   114
58   92
58   101
58   102
58   103
58   104
58   111
58   112
58   113
58   114
59   101
59   102
59   103
59   104
59   109
59   110
59   111
59   112
59   113
59   114
60   65
60   66
60   68
60   69
60   71
60   72
60   73
60   74
60   76
60   78
60   115
60   116
60   117
60   118
60   119
60   120
60   121
60   122
60   123
60   124
60   125
60   126
60   127
60   128
61   66
61   67
61   68
61   69
61   70
61   71
61   72
61   74
61   115
61   116
61   117
61   118
61   119
61   120
61   121
61   122
61   123
61   124
61   125
61   126
61   127
61   128
62   64
62   65
62   66
62   69
62   70
62   71
62   72
62   73
62   74
62   75
62   76
62   77
62   78
62   79
62   115
62   116
62   117
62   118
62   119
62   120
62   121
62   122
62   123
62   124
62   125
62   126
62   128
63   64
63   65
63   66
63   67
63   68
63   69
63   72
63   115
63   116
63   117
63   118
63   119
63   120
63   121
63   122
63   123
63   124
63   125
63   126
63   127
63   128
64   67
64   68
64   69
64   70
64   71
64   72
64   115
64   116
64   117
64   118
64   122
64   123
64   124
64   125
64   126
64   127
64   128
65   67
65   68
65   69
65   70
65   71
65   72
65   115
65   116
65   117
65   118
65   122
65   123
65   124
65   125
65   126
65   127
66   67
66   68
66   69
66   70
66   71
66   72
66   115
66   116
66   117
66   118
66   122
66   123
66   124
66   125
67   70
67   71
67   72
67   73
67   74
67   75
67   76
67   77
67   78
67   79
67   116
67   117
67   118
67   119
67   120
67   121
67   122
67   123
67   124
67   125
67   126
67   127
67   128
68   70
68   71
68   72
68   73
68   74
68   75
68   76
68   77
68   78
68   79
68   118
68   119
68   120
68   121
68   122
68   123
68   124
68   125
69   70
69   71
69   72
69   73
69   74
69   75
69   76
69   77
69   78
69   79
69   116
69   117
69   118
69   119
69   120
69   121
69   122
69   123
69   124
69   125
70   115
70   116
70   117
70   118
70   119
70   120
70   121
70   123
70   124
70   125
70   126
70   127
70   128
71   115
71   116
71   117
71   118
71   119
71   121
71   125
71   126
71   127
71   128
72   115
72   116
72   117
72   118
72   119
72   121
72   123
72   124
72   125
72   126
72   127
72   128
73   77
73   78
73   79
73   80
73   81
73   82
73   83
73   115
73   116
73   117
73   118
73   119
73   120
73   121
74   76
74   77
74   78
74   79
74   80
74   81
74   82
74   83
74   115
74   116
74   117
74   118
74   119
74   120
74   121
75   78
75   79
75   80
75   81
75   82
75   115
75   116
75   117
75   118
75   119
75   120
75   121
76   80
76   115
76   116
76   117
76   118
76   119
76   120
76   121
77   115
77   116
77   117
77   118
77   119
77   120
77   121
78   115
78   116
78   117
78   118
78   119
78   120
78   121
79   115
79   116
79   117
79   118
79   119
79   120
79   121
80   84
80   85
80   86
81   83
81   84
81   85
81   86
82   85
82   86
87   91
87   92
87   93
87   94
87   95
87   96
87   97
87   101
87   102
87   103
87   104
87   105
87   106
87   107
88   90
88   91
88   92
88   93
88   94
88   95
88   96
88   101
88   102
88   103
88   104
88   105
88   106
88   107
89   92
89   93
89   94
89   95
89   101
89   102
89   103
89   104
89   105
89   106
89   107
90   94
90   95
90   101
90   102
90   103
90   104
90   105
90   106
90   107
91   101
91   102
91   103
91   104
91   105
91   106
91   107
92   101
92   102
92   103
92   104
92   105
92   106
92   107
93   101
93   102
93   103
93   104
93   105
93   106
93   107
94   98
94   99
94   100
95   97
95   98
95   99
95   100
96   99
96   100
101   105
101   106
101   107
101   108
101   109
101   110
102   104
102   105
102   106
102   107
102   108
102   109
102   110
103   106
103   107
103   108
103   109
108   112
108   113
108   114
109   111
109   112
109   113
109   114
110   113
110   114
115   119
115   120
115   121
115   122
115   123
115   124
116   118
116   119
116   120
116   121
116   122
116   123
116   124
117   120
117   121
117   122
117   123
122   126
122   127
122   128
123   125
123   126
123   127
123   128
124   127
124   128
